K=15 *int=2 B=19 i=2786) 0 1 0 2 3 5 4 2* 1 0 2 5 6 5 3* 2 1 0 2 5 4 3 2 4
K=15 *int=2 B=19 i=28591) 0 2 1 0 2 3 4 2* 5 6 5 4 3 1* 0 1 3 5 4 3 2 1 3 5
K=15 *int=2 B=19 i=28853) 0 2 1 0 2 3 5 4 2* 1 0 2 5 6 5 3* 2 1 0 2 5 4 3 2
K=15 *int=2 B=19 i=28955) 0 2 1 0 2 3 5 4 2* 5 6 5 4 3 1* 0 1 3 5 4 3 2 3 5
K=15 *int=2 B=19 i=29968) 0 2 1 0 2 4 3 2 4 6 5 4 3 1* 0 1 3* 6 5 4 3 2 1 3
K=15 *int=2 B=19 i=39362) 0 2 3 2 1 0 2 4 5 3* 2 1 0 2* 5 6 5 4 3 2 1 0 2 5
K=15 *int=2 B=19 i=46428) 0 2 4 3 2 1 0 2 4 5 3* 2 1 0 2* 5 6 5 4 3 2 1 0 5
K=15 *int=2 B=19 i=49324) 0 2 4 5 4 3 2 1 0 2 4 3 6 4* 2* 1 0 2 3 6 5 4 3 5
K=15 *int=2 B=19 i=50460) 0 2 4 6 5 4 3 2 1 0 2 4 3 6 4* 2* 1 2 3 6 5 4 3 5
K=15 *int=2 B=19 i=64202) 0 3 5 4 3 2 1 0 2* 5 4 3 5 6 5 4 2* 1 0 2 3 5 4 5
K=15 *int=2 B=19 i=64263) 0 3 5 4 3 2 1 0 2* 5 6 4* 3 2 1 0 2 4 3 2 4 6 5 4
K=15 *int=2 B=19 i=72700) 0 5 4 3 2 1 0 2* 5 4 3 5 6 5 4 2* 1 0 2 3 5 4 3 5
K=15 *int=2 B=19 i=77106) 1 0 1 3 2 1 3 5 4 3 2 5 6 5 3* 1* 0 1 2 5 4 3 2 4
K=15 *int=2 B=19 i=105407) 1 2 1 3 4 6 5 3* 2 1 0 1 3 2 1 3* 6 5 4 3 2 1 3 6
K=15 *int=2 B=19 i=118577) 1 3 2 1 0 3 4 5 3* 1* 0 3 2 4 6 5 4 3 2 1 0 2 4 6
K=15 *int=2 B=19 i=118674) 1 3 2 1 0 3 4 6 5 3* 1* 0 3 2 4 6 5 4 3 2 1 2 4 6
K=15 *int=2 B=19 i=118979) 1 3 2 1 0 3 5 4 3 1* 0 3 5 4 2* 5 6 5 4 3 2 1 0 2
K=15 *int=2 B=19 i=120645) 1 3 2 1 3 4 6 5 3* 2 1 0 1 3 2 1 3* 6 5 4 3 2 1 6
K=15 *int=2 B=19 i=125380) 1 3 4 3 2 1 3 5 6 4* 3 2 1 0 1 3* 2 1 3 4 6 5 4 6
K=15 *int=2 B=19 i=129000) 1 3 5 4 3 2 1 3 5 6 4* 3 2 1 0 1 3* 2 3 4 6 5 4 6
K=15 *int=2 B=19 i=130089) 1 3 5 6 5 4 3 2 1 0 1 3 5 4 2* 1 2 4* 6 5 4 3 2 4
K=15 *int=2 B=19 i=136974) 1 4 6 5 4 3 2 1 0 1 3* 2 1 3 6 4* 3 2 1 3 6 5 4 3
K=15 *int=2 B=19 i=137060) 1 4 6 5 4 3 2 1 0 1 3* 6 5 4 2* 1 2 4 6 5 4 3 4 6
K=15 *int=2 B=19 i=140972) 1 6 5 4 3 2 1 0 1 3* 6 5 4 2* 1 2 4 6 5 4 3 2 4 6
K=15 *int=2 B=19 i=145488) 2 1 0 2 4 3 2 4 6 5 4 3 1* 0 1 3* 6 5 4 3 2 1 3 6
K=15 *int=2 B=19 i=169646) 2 4 3 2 1 0 1* 4 5 3* 2 1 3 5 6 5 4 3 2 1 0 1 3 5
K=15 *int=2 B=19 i=170441) 2 4 3 2 1 4 5 6 4* 2* 1 0 1 4 3 2 1 3 5 4 3 5 6 5
K=15 *int=2 B=19 i=170578) 2 4 3 2 1 4 6 5 4 2* 1 0 1 4 6 5 3* 2 1 3 4 6 5 6
K=15 *int=2 B=19 i=180207) 3 2 1 0 3 5 4 3 1* 0 3 5 4 2* 5 6 5 4 3 2 1 0 2 5
K=15 *int=2 B=19 i=192176) 3 5 4 3 2 1 0 2* 5 6 4* 3 2 1 0 2 4 3 2 4 6 5 4 6
